255, 255, 255, 255, 126, 126, 255, 126, 126, 255, 126, 126, 
255, 255, 255, 255, 255, 255, 126, 126, 255, 255, 126, 126, 
255, 255, 255, 126, 255, 126, 126, 126, 126, 126, 126, 255, 
255, 126, 255, 255, 126, 126, 126, 255, 255, 126, 255, 126, 
255, 255, 126, 255, 126, 255, 126, 255, 255, 255, 255, 255,
126, 126, 126, 255, 255, 255, 126, 255, 255, 255, 255, 255,
255, 126, 126, 255, 126, 255, 255, 255, 126, 255, 126, 255, 
255, 126, 255, 255, 255, 255, 126, 255, 126, 255, 255, 255, 
255, 255, 255, 126, 255, 255, 255, 255, 255, 255, 255, 255, 
255, 255, 255, 255, 255, 255, 255, 126, 126, 255, 255, 255, 
255, 126, 255, 255, 126, 126, 255, 255, 126, 126, 255, 126, 
255, 255, 255, 255, 255, 255, 255, 255, 126, 126, 255, 255, 
255, 126, 255, 126, 255, 255, 126, 126, 255, 255, 255, 255, 
255, 255, 126, 126, 255, 255, 255, 255, 255, 255, 255, 255, 
255, 255, 255, 126, 255, 255, 255, 255, 255, 126, 126, 126, 
246, 246, 244, 247, 103, 243, 248, 218, 125, 120, 123, 124, 
125, 125, 125, 126, 222, 124, 253, 248, 248, 245, 246, 247, 
242, 242, 248, 251, 251, 250, 255, 122, 111, 118, 254, 126, 
123, 119, 115, 111, 111, 120, 120, 125, 106, 251, 243, 243, 
124, 234, 105, 253, 234, 126, 236, 230, 104, 121, 106, 249, 
110, 247, 249, 235, 98, 108, 254, 120, 126, 109, 121, 117,
235, 253, 239, 113, 236, 232, 224, 235, 228, 227, 228, 231, 
233, 249, 236, 233, 237, 236, 124, 110, 110, 105, 109, 105, 
113, 104, 114, 107, 108, 111, 109, 121, 247, 244, 239, 238, 
234, 235, 233, 233, 232, 235, 242, 253, 251, 249, 247, 249,
252, 254, 126, 126, 120, 119, 113, 111, 110, 110, 110, 107,
114, 95, 233, 81, 222, 86, 209, 239, 213, 234, 78, 239, 
83, 217, 228, 218, 235, 77, 87, 54, 184, 41, 172, 172, 
211, 41, 205, 183, 47, 179, 29, 46, 160, 185, 255, 186, 
61, 184, 214, 198, 73, 188, 213, 201, 89, 201, 89, 62, 
76, 59, 68, 52, 175, 73, 176, 189, 104, 188, 168, 224, 
88, 76, 43, 80, 67, 191, 220, 59, 68, 205, 78, 218, 
65, 73, 235, 85, 91, 95, 104, 99, 112, 113, 230, 204, 
210, 79, 248, 196, 212, 62, 61, 167, 47, 178, 48, 250, 
174, 94, 72, 177, 214, 50, 93, 217, 188, 174, 179, 179, 
181, 177, 178, 174, 187, 232, 63, 52, 230, 191, 75, 233, 
189, 95, 61, 61, 187, 99, 62, 67, 182, 181, 209, 96, 
81, 95, 245, 208, 193, 206, 197, 200, 124, 97, 235, 223, 
193, 105, 64, 217, 60, 75, 66, 198, 202, 199, 88, 226, 
198, 233, 217, 71, 219, 101, 123, 201, 253, 63, 242, 62, 
52, 43, 46, 50, 60, 81, 218, 193, 185, 182, 187, 179,
174, 197, 178, 221, 183, 191, 72, 100, 56, 186, 201, 51, 
85, 181, 250, 193, 39, 184, 40, 110, 119, 213, 218, 74, 
189, 201, 59, 171, 199, 185, 45, 213, 50, 112, 57, 43, 
185, 168, 199, 74, 194, 171, 201, 192, 213, 203, 220, 173, 
200, 79, 228, 71, 205, 46, 202, 234, 204, 190, 185, 232, 
240, 237, 194, 59, 83, 97, 75, 206, 57, 67, 204, 207, 
227, 77, 228, 192, 71, 213, 205, 64, 221, 238, 78, 237,
225, 106, 232, 121, 120, 248, 118, 226, 248, 108, 236, 120, 
111, 255, 204, 236, 225, 248, 235, 251, 252, 245, 123, 125, 
122, 125, 125, 122, 252, 126, 121, 249, 250, 251, 217, 63, 
120, 55, 90, 76, 205, 186, 177, 206, 218, 55, 78, 55, 
190, 67, 194, 77, 198, 80, 201, 80, 196, 77, 191, 50, 
186, 207, 107, 63, 94, 177, 174, 118, 185, 184, 88, 185, 
190, 47, 182, 99, 59, 210, 232, 77, 205, 104, 222, 223, 
82, 206, 78, 212, 212, 242, 218, 241, 218, 117, 214, 251, 
213, 235, 225, 246, 84, 240, 92, 217, 221, 107, 118, 97, 
226, 217, 189, 203, 196, 187, 51, 209, 48, 66, 79, 62, 
220, 89, 255, 186, 226, 183, 231, 178, 77, 180, 87, 223, 
205, 100, 189, 75, 189, 50, 187, 49, 200, 68, 100, 91, 
75, 200, 61, 186, 56, 187, 57, 195, 65, 226, 94, 124, 
226, 194, 220, 63, 215, 76, 83, 242, 228, 221, 83, 101, 
216, 72, 119, 119, 203, 208, 65, 93, 236, 200, 110, 70, 
193, 202, 237, 194, 84, 117, 55, 198, 238, 79, 203, 236, 
190, 191, 209, 62, 213, 44, 236, 49, 120, 64, 119, 102, 
223, 205, 187, 207, 71, 221, 73, 97, 215, 70, 94, 207, 
79, 126, 218, 91, 87, 190, 70, 69, 191, 73, 101, 217, 
77, 104, 212, 83, 63, 203, 105, 251, 205, 236, 202, 88, 
207, 63, 226, 195, 70, 219, 101, 100, 80, 231, 225, 214, 
116, 230, 233, 91, 209, 72, 223, 235, 83, 239, 241, 93, 
240, 243, 112, 234, 122, 114, 246, 248, 252, 247, 91, 237,
126, 97, 227, 236, 249, 75, 70, 83, 78, 216, 213, 221, 
237, 208, 78, 86, 80, 110, 224, 252, 121, 218, 200, 67, 
85, 218, 111, 239, 229, 204, 81, 82, 92, 232, 82, 99,
85, 78, 87, 90, 102, 76, 85, 98, 98, 237, 240, 125,
243, 232, 246, 238, 234, 228, 225, 222, 218, 217, 215, 213, 
211, 211, 212, 215, 217, 222, 223, 225, 232, 235, 238, 245, 
247, 246, 244, 242, 244, 248, 254, 255, 255, 255, 255, 126, 
126, 255, 255, 255, 255, 255, 126, 126, 255, 255, 255, 255, 
255, 126, 126, 255, 126, 126, 255, 255, 255, 255, 255, 126, 
255, 255, 255, 255, 255, 255, 126, 126, 255, 126, 255, 255,
255, 255, 126, 255, 126, 255, 126, 255, 255, 255, 126, 126, 
255, 255, 255, 255, 126, 239, 238, 238, 242, 243, 246, 243, 
253, 253, 250, 253, 252, 250, 252, 252, 126, 124, 125, 122, 
125, 123, 121, 121, 117, 121, 126, 252, 251, 253, 252, 251, 
124, 255, 251, 243, 240, 237, 238, 236, 245, 244, 241, 245, 
247, 241, 239, 243, 244, 240, 244, 245, 247, 253, 248, 251, 
254, 254, 126, 250, 247, 248, 254, 121, 119, 114, 111, 111, 
110, 110, 109, 109, 112, 77, 219, 82, 67, 204, 217, 205,
201, 108, 205, 229, 71, 222, 230, 237, 116, 103, 102, 233, 
240, 122, 116, 242, 250, 252, 111, 252, 253, 107, 251, 243, 
111, 255, 247, 115, 124, 242, 126, 124, 237, 80, 61, 75, 
87, 95, 121, 89, 92, 86, 88, 104, 78, 206, 232, 236, 
199, 45, 106, 198, 184, 91, 196, 78, 50, 189, 178, 254, 
60, 56, 206, 204, 239, 216, 94, 236, 94, 238, 93, 227, 
239, 109, 250, 110, 111, 123, 243, 113, 118, 113, 118, 111, 
108, 238, 101, 92, 238, 80, 80, 229, 61, 204, 225, 238, 
238, 190, 225, 105, 198, 73, 226, 255, 249, 90, 240, 92,
72, 206, 102, 216, 233, 249, 223, 229, 228, 223, 248, 230, 
221, 218, 235, 113, 253, 112, 242, 227, 250, 126, 97, 214, 
207, 58, 214, 206, 193, 219, 79, 92, 53, 79, 55, 92, 
60, 82, 55, 87, 66, 83, 243, 239, 208, 205, 207, 213, 
226, 74, 121, 89, 102, 91, 104, 240, 244, 118, 250, 121, 
235, 253, 117, 122, 103, 111, 111, 125, 252, 248, 249, 245, 
124, 250, 121, 123, 251, 250, 125, 254, 248, 253, 251, 255, 
248, 254, 126, 102, 109, 229, 210, 232, 243, 95, 93, 84, 
119, 208, 185, 236, 74, 222, 213, 76, 102, 121, 227, 107, 
99, 228, 243, 103, 107, 118, 111, 251, 116, 117, 252, 240, 
221, 205, 196, 218, 199, 197, 198, 177, 159, 172, 38, 17, 
1, 8, 25, 50, 156, 148, 141, 143, 149, 155, 165, 194, 
114, 49, 84, 51, 69, 41, 52, 41, 78, 46, 97, 61, 
196, 221, 196, 203, 202, 192, 189, 195, 65, 68, 55, 79, 
89, 105, 72, 46, 74, 209, 110, 246, 46, 69, 240, 69, 
219, 61, 116, 43, 85, 103, 82, 216, 172, 193, 223, 195, 
101, 197, 206, 225, 209, 66, 227, 92, 244, 98, 102, 103, 
102, 110, 104, 112, 106, 253, 126, 119, 116, 126, 123, 126, 
254, 118, 121, 116, 115, 111, 111, 232, 237, 229, 235, 75, 
99, 88, 64, 238, 73, 200, 225, 211, 223, 214, 102, 236, 
216, 228, 109, 220, 94, 91, 106, 105, 77, 94, 123, 120, 
91, 103, 108, 235, 201, 209, 199, 192, 190, 229, 49, 84, 
96, 193, 204, 196, 188, 122, 114, 57, 99, 59, 93, 236, 
54, 192, 42, 205, 184, 209, 59, 212, 198, 43, 190, 205, 
208, 102, 214, 230, 215, 239, 203, 183, 191, 182, 176, 62, 
30, 28, 35, 45, 234, 213, 177, 175, 160, 163, 168, 171, 
174, 80, 84, 83, 90, 89, 92, 74, 215, 207, 212, 222, 
236, 215, 243, 220, 224, 245, 217, 233, 120, 245, 253, 250, 
243, 233, 212, 193, 180, 172, 57, 35, 26, 39, 44, 49, 
223, 196, 90, 81, 83, 69, 69, 97, 201, 187, 180, 177, 
182, 189, 194, 195, 201, 206, 223, 109, 90, 85, 81, 81,
84, 86, 87, 88, 91, 99, 113, 242, 232, 223, 222, 221, 
223, 222, 223, 223, 228, 232, 235, 238, 249, 253, 254, 254, 
254, 126, 124, 119, 120, 125, 126, 252, 254, 250, 248, 250, 
253, 253, 254, 250, 248, 125, 126, 255, 122, 118, 117, 124, 
250, 125, 121, 117, 120, 254, 124, 124, 126, 253, 252, 248, 
251, 254, 251, 252, 245, 250, 251, 251, 252, 255, 253, 254, 
119, 124, 118, 122, 121, 121, 123, 119, 120, 125, 251, 253, 
125, 125, 252, 251, 247, 250, 252, 254, 254, 254, 254, 124, 
124, 126, 124, 254, 125, 124, 126, 124, 122, 121, 121, 123,
122, 252, 250, 252, 252, 126, 126, 255, 250, 253, 254, 125, 
126, 126, 254, 126, 124, 124, 250, 249, 252, 253, 125, 123, 
255, 252, 246, 250, 253, 123, 252, 254, 252, 126, 252, 236, 
95, 218, 63, 214, 73, 214, 218, 91, 92, 72, 89, 78,
220, 100, 204, 126, 93, 238, 251, 255, 120, 120, 121, 252, 
126, 246, 112, 247, 111, 244, 126, 250, 234, 103, 251, 234, 
208, 208, 93, 94, 99, 200, 241, 99, 104, 95, 89, 92, 
85, 86, 85, 82, 76, 76, 79, 95, 81, 212, 173, 98, 
167, 48, 192, 228, 165, 68, 63, 185, 174, 44, 58, 56, 
81, 192, 181, 199, 218, 68, 58, 57, 93, 199, 186, 199, 
68, 46, 56, 93, 174, 203, 61, 220, 200, 50, 207, 212, 
93, 204, 62, 227, 221, 89, 219, 220, 75, 214, 116, 232, 
207, 116, 224, 104, 216, 109, 214, 106, 214, 237, 213, 221, 
234, 245, 82, 117, 95, 230, 242, 226, 238, 109, 242, 253, 
254, 119, 123, 214, 201, 188, 38, 170, 43, 183, 56, 173, 
50, 170, 33, 220, 190, 50, 189, 57, 207, 212, 212, 64, 
76, 57, 66, 213, 45, 125, 55, 230, 48, 101, 125, 92, 
228, 105, 118, 108, 235, 241, 255, 120, 237, 251, 251, 123,
252, 122, 254, 254, 255, 248, 123, 121, 125, 123, 231, 229, 
225, 110, 83, 79, 89, 95, 122, 236, 224, 221, 222, 223, 
228, 232, 236, 243, 126, 119, 118, 120, 123, 121, 118, 117, 
126, 247, 239, 238, 240, 240, 239, 238, 239, 242, 250, 253, 
125, 126, 119, 110, 116, 107, 231, 90, 108, 98, 105, 101, 
108, 110, 110, 248, 246, 241, 212, 251, 191, 109, 192, 224, 
77, 194, 53, 224, 67, 77, 125, 209, 121, 249, 205, 91, 
231, 232, 220, 104, 112, 91, 239, 251, 58, 218, 101, 236, 
78, 72, 240, 249, 230, 126, 241, 250, 238, 250, 247, 240,
228, 118, 234, 232, 108, 78, 183, 222, 215, 52, 231, 187, 
45, 91, 188, 190, 207, 203, 55, 214, 60, 200, 186, 84, 
177, 71, 191, 64, 245, 60, 205, 70, 189, 87, 196, 95, 
84, 228, 206, 222, 95, 221, 75, 228, 241, 87, 103, 84, 
224, 95, 104, 123, 200, 93, 222, 206, 76, 216, 246, 253, 
82, 83, 79, 83, 82, 96, 125, 226, 220, 204, 105, 204, 
194, 228, 194, 61, 193, 242, 191, 241, 164, 82, 212, 69, 
239, 170, 38, 72, 75, 55, 243, 115, 183, 190, 237, 50, 
72, 62, 59, 57, 224, 193, 238, 46, 203, 61, 56, 197, 
173, 212, 219, 58, 94, 108, 95, 209, 244, 222, 218, 241, 
119, 109, 126, 107, 94, 94, 100, 105, 110, 107, 118, 124, 
224, 231, 231, 219, 229, 222, 220, 220, 212, 211, 207, 209, 
85, 212, 207, 226, 88, 104, 75, 211, 65, 216, 214, 65, 
234, 244, 83, 124, 106, 83, 113, 234, 72, 109, 104, 78, 
248, 89, 238, 233, 97, 211, 207, 92, 222, 120, 76, 234, 
89, 65, 241, 84, 74, 231, 217, 80, 217, 232, 208, 207, 
60, 193, 73, 197, 76, 189, 73, 182, 54, 57, 47, 174, 
174, 77, 103, 186, 239, 115, 189, 202, 73, 101, 61, 73, 
202, 232, 189, 122, 167, 238, 211, 202, 214, 69, 192, 203, 
62, 227, 211, 71, 208, 232, 88, 107, 235, 116, 251, 249, 
124, 112, 118, 239, 95, 95, 79, 115, 77, 200, 201, 217, 
205, 76, 120, 85, 228, 75, 215, 211, 101, 73, 234, 212, 
69, 79, 199, 96, 116, 123, 250, 241, 244, 249, 246, 241, 
253, 245, 126, 121, 219, 228, 236, 240, 232, 226, 229, 238, 
239, 123, 111, 112, 108, 105, 100, 103, 111, 254, 246, 240, 
123, 108, 102, 101, 99, 98, 104, 111, 116, 110, 105, 102, 
105, 113, 251, 239, 241, 249, 121, 111, 105, 104, 106, 114, 
253, 240, 242, 246, 244, 236, 230, 226, 224, 223, 224, 224, 
223, 223, 229, 233, 237, 237, 241, 244, 249, 251, 249, 247, 
248, 252, 252, 254, 126, 253, 250, 126, 118, 117, 120, 252, 
124, 114, 116, 119, 124, 124, 111, 125, 113, 115, 115, 122, 
115, 117, 114, 117, 254, 117, 110, 113, 115, 250, 252, 115, 
111, 254, 122, 254, 254, 250, 251, 250, 251, 253, 123, 124, 
122, 122, 120, 126, 254, 253, 250, 248, 249, 248, 251, 251, 
125, 124, 119, 121, 120, 118, 121, 107, 244, 107, 117, 104, 
221, 98, 217, 223, 72, 206, 66, 79, 119, 85, 218, 92, 
90, 74, 201, 95, 180, 254, 59, 220, 121, 212, 214, 63, 
120, 236, 203, 216, 109, 242, 227, 237, 254, 239, 233, 89, 
94, 225, 79, 106, 105, 94, 240, 253, 121, 211, 81, 82, 
196, 66, 222, 79, 190, 196, 249, 204, 77, 103, 75, 78, 
110, 122, 99, 229, 124, 233, 232, 253, 189, 79, 89, 81, 
93, 72, 184, 62, 177, 45, 88, 174, 80, 42, 220, 227, 
44, 191, 86, 66, 206, 186, 190, 72, 242, 200, 100, 125, 
249, 233, 246, 211, 239, 252, 255, 252, 105, 98, 249, 104, 
124, 108, 243, 231, 227, 232, 235, 245, 233, 232, 238, 239, 
245, 249, 246, 252, 248, 252, 253, 121, 114, 107, 104, 99, 
97, 97, 100, 105, 110, 116, 122, 253, 248, 241, 236, 233, 
233, 232, 233, 233, 218, 202, 199, 200, 214, 126, 247, 70, 
92, 40, 24, 19, 9, 14, 41, 156, 145, 142, 146, 150, 
153, 148, 150, 155, 160, 173, 201, 91, 68, 58, 49, 45, 
43, 41, 41, 40, 39, 40, 42, 44, 45, 53, 46, 62, 
48, 74, 67, 55, 81, 62, 74, 251, 223, 123, 206, 191, 
202, 206, 208, 197, 212, 120, 218, 219, 222, 201, 232, 197, 
207, 89, 214, 203, 201, 221, 218, 213, 216, 224, 221, 234, 
227, 223, 231, 232, 231, 227, 231, 234, 229, 232, 230, 230, 
230, 234, 228, 229, 230, 233, 234, 236, 243, 246, 252, 109, 
240, 222, 99, 97, 94, 101, 95, 107, 111, 115, 227, 95, 
218, 253, 79, 221, 65, 212, 223, 206, 75, 101, 75, 199, 
63, 209, 117, 198, 108, 85, 89, 206, 91, 224, 236, 228, 
102, 232, 223, 124, 122, 120, 111, 90, 228, 223, 93, 213, 
110, 215, 90, 223, 73, 104, 229, 111, 88, 210, 106, 231, 
108, 88, 88, 93, 233, 109, 119, 112, 118, 250, 249, 247, 
253, 253, 252, 123, 246, 249, 125, 249, 254, 117, 126, 241, 
227, 67, 235, 85, 70, 228, 186, 81, 224, 248, 230, 62, 
203, 206, 120, 198, 65, 102, 106, 110, 210, 118, 222, 192, 
244, 56, 211, 79, 94, 254, 203, 229, 204, 198, 225, 211, 
233, 213, 253, 219, 81, 223, 76, 235, 72, 225, 66, 224, 
69, 226, 72, 222, 77, 225, 83, 224, 106, 221, 228, 214, 
199, 211, 198, 201, 201, 196, 196, 197, 191, 207, 71, 229, 
109, 95, 115, 104, 253, 114, 124, 254, 103, 94, 91, 87, 
83, 79, 78, 81, 83, 97, 106, 229, 216, 223, 217, 219, 
214, 199, 71, 224, 63, 218, 65, 122, 61, 230, 69, 220, 
224, 207, 230, 234, 89, 109, 78, 223, 241, 230, 208, 108, 
218, 79, 238, 81, 117, 82, 231, 243, 206, 238, 88, 225, 
70, 238, 115, 243, 103, 238, 238, 120, 236, 107, 236, 221, 
116, 248, 217, 126, 236, 228, 97, 236, 235, 235, 122, 241, 
231, 235, 231, 118, 239, 95, 244, 122, 233, 240, 125, 248, 
120, 254, 239, 95, 228, 115, 125, 248, 106, 234, 123, 124, 
126, 123, 126, 126, 126, 255, 126, 252, 249, 251, 250, 249, 
254, 250, 252, 250, 250, 251, 248, 250, 250, 126, 123, 255, 
255, 126, 255, 255, 255, 255, 255, 255, 255, 255, 126, 255, 
255, 126, 255, 255, 126, 126, 255, 255, 255, 126, 255, 126, 
255, 255, 255, 255, 255, 255, 255, 126, 126, 126, 255, 255, 
255, 126, 255, 255, 255, 255, 126, 255, 255, 126, 255, 255, 
255, 255, 255, 255, 255, 255, 255, 255, 255, 126, 255, 255, 
254, 125, 255, 123, 123, 119, 120, 119, 119, 120, 123, 255,
254, 119, 119, 125, 255, 254, 248, 245, 251, 254, 254, 124, 
125, 254, 253, 253, 252, 253, 248, 247, 245, 249, 249, 252, 
252, 252, 125, 124, 123, 215, 202, 229, 126, 80, 75, 63, 
62, 92, 71, 63, 72, 192, 44, 178, 66, 169, 175, 174, 
243, 54, 224, 187, 190, 215, 205, 189, 199, 207, 222, 97, 
106, 242, 95, 101, 108, 114, 120, 119, 255, 116, 117, 247, 
248, 125, 110, 215, 237, 245, 231, 190, 79, 188, 88, 85, 
193, 173, 195, 47, 101, 180, 40, 193, 41, 219, 73, 222, 
49, 188, 58, 220, 78, 84, 254, 221, 222, 72, 253, 210, 
213, 230, 123, 225, 46, 79, 46, 69, 73, 55, 229, 215, 
213, 43, 239, 164, 64, 65, 179, 237, 205, 191, 176, 82, 
63, 62, 98, 94, 202, 77, 111, 122, 220, 119, 247, 103, 
236, 242, 230, 239, 247, 234, 236, 125, 253, 233, 111, 227, 
193, 193, 188, 189, 80, 63, 53, 43, 31, 37, 32, 33, 
34, 205, 77, 179, 158, 157, 156, 161, 165, 177, 170, 182, 
204, 221, 54, 65, 60, 59, 74, 66, 67, 72, 75, 70, 
79, 77, 73, 104, 48, 74, 88, 65, 67, 87, 83, 91, 
88, 93, 99, 104, 116, 248, 123, 249, 243, 234, 251, 240, 
201, 244, 228, 63, 204, 79, 187, 207, 179, 215, 43, 246, 
192, 202, 90, 189, 49, 55, 187, 174, 98, 180, 61, 126, 
64, 43, 172, 171, 87, 170, 218, 41, 179, 234, 192, 207, 
205, 205, 219, 85, 78, 120, 61, 205, 93, 183, 194, 224, 
190, 216, 125, 187, 250, 230, 181, 108, 248, 195, 207, 85, 
57, 211, 62, 121, 216, 164, 121, 218, 253, 232, 55, 189, 
198, 63, 100, 56, 222, 89, 213, 204, 212, 252, 92, 232, 
210, 216, 211, 58, 237, 108, 213, 208, 81, 220, 70, 102, 
208, 194, 208, 55, 78, 218, 118, 193, 59, 253, 231, 202, 
209, 58, 106, 211, 76, 205, 66, 204, 206, 60, 108, 237, 
73, 214, 251, 99, 106, 109, 102, 106, 110, 106, 249, 101, 
99, 113, 118, 108, 253, 115, 238, 251, 124, 241, 116, 240, 
122, 217, 63, 213, 176, 198, 69, 207, 115, 56, 216, 193, 
207, 207, 204, 126, 213, 198, 92, 189, 186, 63, 187, 187, 
70, 201, 228, 216, 125, 248, 97, 244, 250, 243, 116, 235, 
112, 124, 246, 92, 104, 96, 104, 251, 124, 93, 123, 243, 
82, 253, 234, 75, 231, 223, 75, 214, 222, 78, 212, 206, 
99, 203, 196, 115, 238, 84, 227, 121, 205, 220, 69, 75, 
210, 85, 122, 210, 95, 108, 214, 236, 93, 105, 231, 107, 
254, 92, 233, 235, 254, 126, 242, 253, 252, 249, 126, 253, 
253, 248, 255, 126, 249, 251, 251, 249, 251, 126, 123, 123, 
124, 125, 255, 123, 122, 250, 253, 253, 122, 124, 123, 252, 
255, 126, 123, 126, 122, 121, 119, 125, 122, 254, 124, 252, 
255, 251, 255, 255, 252, 253, 254, 252, 250, 252, 251, 251, 
251, 251, 250, 254, 122, 121, 121, 120, 123, 121, 123, 126, 
122, 124, 121, 124, 254, 252, 253, 249, 252, 249, 126, 255, 
123, 122, 123, 125, 125, 121, 116, 118, 123, 126, 255, 124, 
124, 253, 253, 251, 251, 249, 252, 250, 253, 253, 125, 254, 
255, 255, 254, 251, 250, 252, 254, 124, 254, 251, 252, 253, 
126, 254, 253, 249, 251, 253, 251, 254, 126, 124, 126, 125, 
124, 254, 120, 120, 124, 121, 117, 116, 119, 121, 122, 123, 
252, 249, 246, 251, 122, 124, 125, 254, 250, 252, 125, 123, 
255, 252, 253, 250, 249, 247, 253, 122, 124, 119, 252, 254, 
125, 253, 251, 252, 124, 122, 253, 232, 239, 119, 236, 239, 
203, 235, 70, 198, 106, 187, 67, 107, 73, 189, 46, 194, 
99, 199, 214, 62, 92, 219, 208, 217, 84, 222, 212, 80, 
85, 121, 71, 226, 107, 92, 238, 80, 120, 223, 81, 217, 
91, 195, 90, 196, 76, 72, 90, 93, 225, 197, 247, 241, 
59, 230, 41, 82, 56, 239, 87, 190, 43, 189, 42, 183, 
180, 74, 64, 49, 184, 248, 92, 191, 56, 200, 79, 201, 
217, 92, 59, 202, 216, 207, 217, 229, 239, 253, 252, 233, 
107, 124, 237, 112, 116, 123, 222, 114, 109, 245, 239, 245, 
225, 121, 107, 232, 111, 233, 103, 115, 255, 116, 102, 99, 
109, 249, 237, 237, 231, 223, 67, 109, 72, 45, 89, 57, 
57, 180, 170, 201, 57, 47, 191, 173, 211, 61, 77, 208, 
53, 214, 73, 206, 79, 236, 73, 106, 120, 117, 100, 249, 
228, 95, 99, 115, 240, 93, 106, 232, 234, 224, 217, 218, 
204, 220, 213, 237, 95, 249, 110, 236, 89, 202, 210, 76, 
190, 196, 193, 110, 70, 89, 47, 173, 189, 190, 178, 104, 
186, 75, 59, 122, 52, 60, 195, 189, 71, 93, 63, 187, 
52, 199, 244, 190, 222, 125, 186, 104, 201, 189, 214, 209, 
216, 195, 228, 241, 189, 92, 95, 189, 63, 109, 198, 69, 
97, 246, 77, 104, 97, 81, 89, 78, 75, 72, 61, 79, 
65, 77, 123, 213, 223, 216, 242, 82, 89, 92, 121, 217, 
204, 201, 199, 199, 199, 199, 202, 204, 205, 209, 213, 219, 
235, 120, 96, 88, 81, 77, 75, 76, 77, 74, 79, 81, 
88, 95, 104, 107, 100, 103, 94, 90, 120, 100, 247, 104, 
101, 60, 238, 86, 206, 86, 54, 242, 107, 200, 238, 100, 
91, 227, 95, 209, 196, 211, 207, 209, 219, 191, 215, 222, 
218, 114, 216, 251, 229, 236, 237, 236, 254, 112, 105, 105, 
96, 97, 99, 102, 109, 84, 208, 77, 237, 81, 78, 223, 
103, 250, 237, 197, 236, 101, 102, 221, 101, 219, 226, 239, 
242, 214, 102, 99, 227, 248, 85, 226, 123, 87, 219, 232, 
118, 203, 227, 97, 202, 105, 223, 218, 186, 243, 123, 191, 
187, 54, 215, 193, 190, 201, 55, 229, 203, 221, 188, 166,
185, 67, 191, 208, 80, 126, 97, 100, 90, 97, 93, 103,
92, 101, 116, 253, 110, 250, 249, 125, 110, 248, 254, 254, 
122, 249, 121, 114, 123, 116, 118, 114, 254, 115, 124, 123, 
115, 113, 117, 120, 119, 120, 118, 231, 231, 113, 110, 110, 
255, 110, 69, 224, 94, 112, 119, 116, 227, 235, 122, 245, 
237, 103, 221, 87, 63, 218, 97, 246, 62, 70, 207, 78, 
215, 171, 202, 101, 49, 95, 183, 223, 237, 185, 189, 47, 
71, 241, 71, 82, 104, 186, 183, 183, 185, 93, 78, 94, 
60, 62, 55, 63, 71, 67, 93, 83, 198, 82, 218, 219, 
207, 211, 246, 217, 194, 204, 217, 103, 98, 103, 89, 87, 
83, 82, 79, 84, 84, 88, 94, 103, 239, 215, 202, 193, 
189, 183, 202, 202, 206, 110, 94, 90, 239, 226, 78, 208, 
211, 194, 198, 47, 58, 189, 70, 184, 43, 186, 220, 173, 
126, 187, 49, 115, 203, 206, 104, 53, 241, 184, 81, 56, 
197, 199, 78, 92, 238, 75, 90, 93, 220, 87, 238, 212, 
97, 237, 222, 115, 248, 223, 116, 237, 93, 98, 219, 76, 
111, 205, 74, 229, 206, 86, 220, 209, 117, 218, 231, 227, 
97, 111, 227, 83, 234, 221, 88, 222, 223, 101, 212, 241, 
116, 227, 252, 250, 246, 247, 246, 245, 126, 252, 255, 251, 
249, 252, 121, 120, 126, 118, 113, 111, 114, 116, 126, 113, 
111, 109, 116, 121, 253, 252, 126, 251, 254, 254, 122, 125, 
124, 252, 251, 254, 122, 123, 121, 124, 124, 126, 251, 247, 
245, 244, 249, 126, 122, 124, 125, 123, 125, 111, 111, 114, 
126, 253, 124, 116, 123, 253, 250, 125, 126, 254, 243, 243, 
250, 125, 124, 122, 254, 125, 126, 124, 123, 125, 252, 253, 
251, 249, 248, 245, 245, 252, 122, 126, 251, 245, 242, 249, 
251, 246, 240, 242, 248, 250, 254, 254, 252, 124, 114, 111, 
118, 117, 122, 122, 119, 116, 118, 125, 125, 126, 121, 253, 
246, 239, 254, 124, 122, 121, 255, 245, 253, 124, 122, 252, 
255, 254, 122, 123, 254, 250, 254, 123, 118, 122, 124, 126, 
253, 253, 254, 123, 253, 244, 242, 244, 251, 125, 124, 253, 
122, 125, 251, 248, 245, 250, 253, 121, 118, 122, 252, 123, 
250, 253, 255, 122, 255, 254, 126, 252, 252, 253, 251, 248, 
253, 125, 